slot_num, read_num, host_time, tsf_time,
slot_index, slots_passed, filler,
packet_queued, transmitted, transmit_success, transmit_other,
bad_reception, busy_slot, channel_busy
.........
36580, 7342, 90921618, 936155573, 6, 5, 0, 1, 1, 1, 0, 0, 1, 0
36581, 7342, 90921618, 936155573, 6, 5, 0, 1, 0, 0, 1, 0, 1, 1
36582, 7342, 90921618, 936155573, 6, 5, 0, 1, 0, 0, 1, 0, 1, 1
36583, 7342, 90921618, 936155573, 6, 5, 0, 1, 0, 0, 0, 0, 0, 0
36584, 7343, 90933656, 936167621, 4, 6, 0, 1, 1, 1, 0, 0, 1, 0
36585, 7343, 90933656, 936167621, 4, 6, 0, 1, 0, 0, 1, 0, 1, 1
36586, 7343, 90933656, 936167621, 4, 6, 0, 1, 0, 0, 1, 0, 1, 1
36587, 7343, 90933656, 936167621, 4, 6, 0, 1, 0, 0, 1, 0, 1, 1
36588, 7343, 90933656, 936167621, 4, 6, 0, 1, 1, 1, 0, 0, 1, 0
36589, 7343, 90933656, 936167621, 4, 6, 0, 1, 0, 0, 1, 0, 1, 1
36590, 7344, 90946775, 936180838, 2, 6, 0, 1, 0, 0, 1, 0, 1, 1
36591, 7344, 90946775, 936180838, 2, 6, 0, 1, 0, 0, 1, 0, 1, 1
36592, 7344, 90946775, 936180838, 2, 6, 0, 1, 1, 1, 0, 0, 1, 0
36593, 7344, 90946775, 936180838, 2, 6, 0, 1, 0, 0, 1, 0, 1, 1
36594, 7344, 90946775, 936180838, 2, 6, 0, 1, 0, 0, 1, 0, 1, 1
36595, 7344, 90946775, 936180838, 2, 6, 0, 1, 0, 0, 1, 0, 1, 1
36596, 7346, 90970814, 936204740, 5, 3, 0, 1, 1, 1, 0, 0, 1, 0
.........



36597, 7346, 90970814, 936204740, 5, 3, 0, 1, 0, 0, 1, 0, 1, 1
36598, 7346, 90970814, 936204740, 5, 3, 0, 1, 0, 0, 1, 0, 1, 1
36599, 7347, 90985923, 936219962, 4, 7, 0, 1, 0, 0, 1, 0, 1, 1
36600, 7347, 90985923, 936219962, 4, 7, 0, 1, 1, 1, 0, 0, 1, 0
36601, 7347, 90985923, 936219962, 4, 7, 0, 1, 0, 0, 1, 0, 1, 1
36602, 7347, 90985923, 936219962, 4, 7, 0, 1, 0, 0, 1, 0, 1, 1
36603, 7347, 90985923, 936219962, 4, 7, 0, 1, 0, 0, 1, 0, 1, 1
36604, 7347, 90985923, 936219962, 4, 7, 0, 1, 1, 1, 0, 0, 1, 0
36605, 7347, 90985923, 936219962, 4, 7, 0, 1, 0, 0, 1, 0, 1, 1
36606, 7348, 90997686, 936231692, 1, 5, 0, 1, 0, 0, 1, 0, 1, 1
36607, 7348, 90997686, 936231692, 1, 5, 0, 1, 0, 0, 1, 0, 1, 1
36608, 7348, 90997686, 936231692, 1, 5, 0, 1, 1, 1, 0, 0, 1, 0
36609, 7348, 90997686, 936231692, 1, 5, 0, 1, 0, 0, 0, 0, 1, 0
36610, 7348, 90997686, 936231692, 1, 5, 0, 1, 0, 0, 1, 0, 1, 1
36611, 7349, 91009954, 936243989, 7, 6, 0, 1, 0, 0, 1, 0, 1, 1
36612, 7349, 91009954, 936243989, 7, 6, 0, 1, 1, 1, 0, 0, 1, 0
36613, 7349, 91009954, 936243989, 7, 6, 0, 1, 0, 0, 1, 0, 1, 1

node, s, w
nodeA, ..., ...
nodeB, ..., ...
nodeC, ..., ...
nodeD, ..., ...
nodeE, ..., ...
nodeF, ..., ...

6 flows REACT80211

node, s, airtime, w
nodeA, 20, 18.4, 75
nodeB, 20, 18.8, 77
nodeC, 20, 21.2, 65
nodeD, 20, 20.7, 64
nodeE, 20, 18.7, 77
nodeF, 20, 18.8, 79









